% script bpptns.m
% this script makes input and
% output patterns for pattern
% associator networks
%

% InPat = [ 1 0 0 0
%           0 1 0 0
%           0 0 1 0
%           0 0 0 1 ];

% InPat = [ 1 0 0 0
%           0 1 1 0
%           0 0 1 0
%           0 0 0 1 ];
      
% InPat = [ 1 0 1 0
%           1 1 1 1
%           1 1 1 0
%           1 0 0 1 ];

% DesOut = [ 1
%            1
%            0
%            0 ];

% InPat = [ 1 0 0
%           1 1 0
%           1 0 1
%           1 1 1 ];

% InPat = [ 0 0
%           1 0 
%           0 1 
%           1 1 ];

% DesOut = [ 0
%            1
%            1
%            0 ];

InPat = [ 0 0
          1 0 
          0 1 ];

DesOut = [ 0 
           1
           1 ];


