% script SOMpatterns.m
% this script has a bunch of
% sofm input patterns in it

% InPat = [1 1 0 0 0 0 0
%          1 0 1 0 0 0 0
%          0 0 0 1 1 0 0
%          0 0 0 0 0 1 1
%          1 0 0 0 0 0 1]


InPat = [ 1 0 0
          0 1 0
          0 0 1 ]

% InPat=[ 5 0 0
%         4 1 0
%         3 1 1
%         0 5 0
%         0 4 1
%         1 3 1
%         0 0 5
%         0 1 4
%         1 1 3 ]

% InPat = [ 1 1 1 1 0 0 0 0 0 0 0
%           0 1 1 1 1 0 0 0 0 0 0
%           0 0 1 1 1 1 0 0 0 0 0
%           0 0 0 1 1 1 1 0 0 0 0
%           0 0 0 0 1 1 1 1 0 0 0
%           0 0 0 0 0 1 1 1 1 0 0
%           0 0 0 0 0 0 1 1 1 1 0
%           0 0 0 0 0 0 0 1 1 1 1 ]

% InPat = [ 1 1 0 0 0 0 0 0 0 0 0
%           0 1 1 0 0 0 0 0 0 0 0
%           0 0 1 1 0 0 0 0 0 0 0
%           0 0 0 1 1 0 0 0 0 0 0
%           0 0 0 0 1 1 0 0 0 0 0
%           0 0 0 0 0 1 1 0 0 0 0
%           0 0 0 0 0 0 1 1 0 0 0
%           0 0 0 0 0 0 0 1 1 0 0 ]
      
% InPat1=[ 1 1 0 0 0
%          1 1 0 0 0
%          0 0 1 0 0
%          0 0 0 1 1
%          0 0 0 1 1 ];
%  
% InPat2=[ 0 1 1 1 0
%          0 0 1 0 0
%          0 0 1 0 0
%          0 0 1 0 0
%          0 1 1 1 0 ];
%  
% InPat3=[ 0 0 0 1 1
%          0 0 0 1 1
%          0 0 1 0 0
%          1 1 0 0 0
%          1 1 0 0 0 ];
%  
% InPat4=[ 0 0 0 0 0
%          1 0 0 0 1
%          1 1 1 1 1
%          1 0 0 0 1
%          0 0 0 0 0 ];
% 
% InPat=[reshape(InPat1,1,25)
%     reshape(InPat2,1,25)
%     reshape(InPat3,1,25)
%     reshape(InPat4,1,25)];

      
% InPat1=[ 1 0 0 0 0
%          0 1 0 0 0
%          0 0 1 0 0
%          0 0 0 1 0
%          0 0 0 0 1 ];
%  
% InPat2=[ 0 0 1 0 0
%          0 0 1 0 0
%          0 0 1 0 0
%          0 0 1 0 0
%          0 0 1 0 0 ];
%  
% InPat3=[ 0 0 0 0 1
%          0 0 0 1 0
%          0 0 1 0 0
%          0 1 0 0 0
%          1 0 0 0 0 ];
%  
% InPat4=[ 0 0 0 0 0
%          0 0 0 0 0
%          1 1 1 1 1
%          0 0 0 0 0
%          0 0 0 0 0 ];
% 
% InPat=[reshape(InPat1,1,25)
%     reshape(InPat2,1,25)
%     reshape(InPat3,1,25)
%     reshape(InPat4,1,25)];

 