% superPatterns.m
% this script just holds the patterns for the 
% supervised learning examples

% InPat=[1 0 0 0; 0 1 0 0; 0 0 1 0; 0 0 0 1];
% DesOut=[1; 1; 0; 0];

% InPat=[1 0 0 0; 1 1 0 0; 1 0 1 0; 0 0 0 1];
% DesOut=[1; 1; 0; 0];

% InPat=[1 0 1 0; 1 1 1 1; 1 1 1 0; 1 0 0 1];
% DesOut=[1; 1; 0; 0];

% InPat=[1 0 1 0; 1 1 1 1; 1 1 1 0; 1 0 0 1];
% DesOut=[1 1; 1 1; 0 0; 0 0];

% InPat=[1 0 0; 1 1 0; 1 0 1; 1 1 1];
% DesOut=[0; 1; 1; 0];

InPat=[0 0; 1 0; 0 1; 1 1];
DesOut=[0; 1; 1; 0];

% InPat=[0 0; 1 0; 0 1];
% DesOut=[0; 1; 1];

% InPat=[0.5 0.5 0.5 0.5
%        0.6 0.5 0.5 0.4
%        0.4 0.5 0.5 0.6
%        0.5 0.6 0.4 0.5
%        0.5 0.4 0.6 0.5];
% DesOut=[0.5 0.5
%         0.6 0.4
%         0.4 0.6
%         0.4 0.6
%         0.6 0.4];
